0 0.668301 0.257200 0.036765 0.127757
0 0.435866 0.259038 0.036765 0.127757
0 0.499183 0.254136 0.036765 0.127757
0 0.555964 0.260876 0.036765 0.127757
0 0.611520 0.259038 0.036765 0.127757
0 0.187092 0.265319 0.032680 0.112132
0 0.288194 0.264246 0.041258 0.108150
0 0.236315 0.266085 0.043709 0.109375
0 0.340891 0.256127 0.038807 0.123775
0 0.395833 0.256587 0.036765 0.127757
0 0.196283 0.396752 0.030637 0.106618
0 0.240809 0.399510 0.030637 0.106618
0 0.284926 0.401042 0.030637 0.106618
0 0.324959 0.407475 0.030637 0.106618
0 0.363358 0.408088 0.030637 0.106618
