0 0.588848 0.327819 0.014706 0.060049
0 0.604167 0.332516 0.015931 0.061275
0 0.587163 0.394404 0.016238 0.062500
0 0.616575 0.398284 0.011949 0.061275
0 0.631893 0.398693 0.013787 0.062092
0 0.603707 0.400735 0.013787 0.064542
0 0.600031 0.457108 0.014400 0.044118
0 0.615349 0.460376 0.014400 0.044118
0 0.594822 0.514502 0.018689 0.049428
0 0.611826 0.519608 0.012255 0.044118
1 0.714308 0.333129 0.008885 0.058415
1 0.714614 0.397672 0.009498 0.055964
1 0.712623 0.457925 0.010417 0.058007
1 0.710172 0.519608 0.010417 0.050654
1 0.700980 0.401348 0.007966 0.063317
1 0.696078 0.522263 0.014706 0.053513
