2 0.804126 0.135876 0.043709 0.119179
2 0.770221 0.136336 0.037990 0.118260
2 0.736520 0.125306 0.049020 0.110907
2 0.691381 0.119026 0.060866 0.123468
2 0.641340 0.109069 0.044935 0.122549
2 0.597018 0.103094 0.051879 0.140625
2 0.551879 0.092525 0.054739 0.134191
2 0.371732 0.069393 0.060458 0.127757
2 0.292075 0.059283 0.070261 0.111826
2 0.277369 0.248928 0.085784 0.165748
2 0.352533 0.251532 0.067810 0.160539
2 0.575980 0.264859 0.060458 0.132047
2 0.633578 0.270527 0.040850 0.131127
2 0.680964 0.275276 0.031046 0.117341
2 0.729371 0.278646 0.037990 0.113051
2 0.758987 0.281097 0.026961 0.114277
2 0.790645 0.282782 0.039624 0.104779
3 0.189134 0.249540 0.087418 0.171262
3 0.110294 0.243107 0.089869 0.185968
3 0.187092 0.066789 0.091503 0.118260
