0 0.054739 0.218750 0.066176 0.113971
1 0.109477 0.219363 0.040850 0.117034
1 0.163194 0.218903 0.051879 0.109988
1 0.218137 0.218903 0.046569 0.109988
1 0.268791 0.219363 0.049020 0.115196
1 0.325163 0.220895 0.052288 0.113971
1 0.381536 0.219363 0.049020 0.110907
1 0.135008 0.352022 0.051879 0.107843
1 0.195466 0.355699 0.057598 0.106618
1 0.247753 0.351869 0.026552 0.097120
1 0.292688 0.353554 0.043709 0.098039
1 0.348448 0.354013 0.042484 0.101409
1 0.401757 0.355545 0.053513 0.104473
5 0.979371 0.355086 0.039624 0.113971
5 0.957721 0.225184 0.037990 0.112132
