2 0.386438 0.226716 0.056373 0.110907
2 0.437092 0.229933 0.056373 0.108762
2 0.493464 0.225184 0.056373 0.105392
2 0.549224 0.225184 0.069036 0.112132
2 0.608456 0.224571 0.051879 0.106618
2 0.659722 0.225184 0.056373 0.109681
2 0.708946 0.228401 0.053513 0.109988
2 0.753268 0.229933 0.035131 0.095895
2 0.754085 0.358762 0.048203 0.100490
2 0.704657 0.352941 0.050654 0.112132
2 0.652574 0.355086 0.039624 0.116422
2 0.594158 0.358915 0.055147 0.108762
2 0.537786 0.357230 0.051879 0.107843
2 0.491422 0.361366 0.046569 0.105699
2 0.447100 0.359375 0.033905 0.103554
2 0.392157 0.359835 0.042484 0.100184
5 0.336397 0.224571 0.043709 0.110907
5 0.337827 0.359375 0.049020 0.109681
1 0.247753 0.361826 0.039624 0.116422
1 0.212623 0.357537 0.051879 0.107843
1 0.244281 0.227788 0.036765 0.113051
1 0.203840 0.225797 0.040850 0.106618
0 0.022059 0.228248 0.043301 0.109681
0 0.069240 0.228860 0.043709 0.109681
0 0.030025 0.352022 0.043709 0.109681
