0 0.061070 0.250460 0.047794 0.090993
0 0.109681 0.249387 0.029820 0.086397
0 0.141340 0.247855 0.039216 0.087623
0 0.179330 0.247243 0.033497 0.084559
0 0.215278 0.246324 0.032680 0.094975
0 0.251225 0.247243 0.022876 0.093137
0 0.292688 0.250000 0.037990 0.096201
0 0.465074 0.251991 0.028186 0.094056
0 0.510417 0.253676 0.037990 0.096201
0 0.339257 0.247549 0.037990 0.096201
0 0.422590 0.251225 0.037990 0.096201
0 0.378472 0.246630 0.037990 0.096201
0 0.541871 0.252145 0.037990 0.096201
0 0.754698 0.246783 0.032271 0.098346
2 0.940564 0.357843 0.034722 0.087623
2 0.797998 0.245558 0.034722 0.098958
2 0.840891 0.252604 0.034722 0.098958
2 0.883783 0.248928 0.034722 0.098958
2 0.933619 0.246170 0.034722 0.098958
2 0.980596 0.240043 0.034722 0.098958
2 0.892157 0.359375 0.027778 0.091912
2 0.849265 0.356618 0.027778 0.091912
2 0.809232 0.362439 0.027778 0.091912
2 0.765931 0.359681 0.027778 0.091912
2 0.982639 0.359375 0.034722 0.087623
2 0.790850 0.466605 0.039216 0.081495
2 0.872958 0.468137 0.039216 0.081495
2 0.916258 0.466299 0.039216 0.081495
2 0.961601 0.463848 0.039216 0.081495
2 0.830882 0.465993 0.039216 0.081495
1 0.069444 0.355086 0.044935 0.088848
1 0.152778 0.354167 0.036765 0.086397
1 0.188725 0.352635 0.044935 0.088848
1 0.221814 0.355392 0.044935 0.088848
1 0.258987 0.356924 0.044935 0.088848
1 0.297590 0.356771 0.042075 0.085478
1 0.343137 0.359988 0.044935 0.088848
1 0.116830 0.352635 0.036765 0.086397
5 0.092116 0.452206 0.033905 0.080270
