0 0.158905 0.312960 0.049020 0.143689
0 0.228758 0.311121 0.056373 0.132047
0 0.299837 0.317555 0.046569 0.140625
0 0.343342 0.318015 0.069036 0.141544
0 0.402778 0.316483 0.066176 0.125613
0 0.463848 0.312347 0.053513 0.127757
0 0.517361 0.312347 0.053513 0.127757
0 0.553309 0.318015 0.051879 0.126838
0 0.605392 0.321844 0.046569 0.114890
0 0.597018 0.163909 0.037990 0.128676
0 0.561683 0.164216 0.040850 0.115196
0 0.511234 0.162837 0.043709 0.130821
0 0.460376 0.161765 0.058007 0.124387
0 0.401144 0.157629 0.046569 0.120404
0 0.339052 0.145527 0.040850 0.134191
0 0.282884 0.143842 0.037990 0.128983
0 0.218954 0.140165 0.056373 0.132047
0 0.154003 0.131281 0.056373 0.143689
0 0.069444 0.123775 0.075980 0.141544
1 0.465278 0.459712 0.042484 0.107537
1 0.503472 0.460784 0.047794 0.112132
