2 0.270221 0.316483 0.043709 0.081495
2 0.313113 0.318627 0.042075 0.087623
2 0.353962 0.318627 0.059232 0.085784
2 0.404003 0.319240 0.046569 0.093137
2 0.443015 0.322917 0.047794 0.085784
2 0.487337 0.319700 0.040850 0.079350
2 0.524510 0.316483 0.033497 0.091912
2 0.306781 0.427083 0.054739 0.080270
2 0.351103 0.428922 0.033905 0.080270
2 0.387868 0.420650 0.030637 0.067402
2 0.424428 0.428002 0.031046 0.071691
2 0.467525 0.423866 0.037990 0.067708
2 0.516748 0.421262 0.026961 0.068627
2 0.499796 0.525582 0.035539 0.070772
2 0.460376 0.527267 0.038399 0.075980
2 0.424428 0.534773 0.036765 0.082414
2 0.377247 0.533701 0.035539 0.084559
2 0.346201 0.529565 0.043709 0.082414
3 0.632353 0.323989 0.040850 0.085478
3 0.678717 0.320312 0.046160 0.086703
3 0.710989 0.323836 0.037990 0.087623
3 0.748570 0.327665 0.059232 0.078125
3 0.637255 0.430760 0.036765 0.072917
3 0.670343 0.424786 0.031863 0.086703
3 0.636438 0.521446 0.035131 0.064338
3 0.678105 0.524050 0.039216 0.059130
3 0.709763 0.519914 0.037990 0.059436
3 0.737949 0.525276 0.037990 0.063419
3 0.779412 0.512102 0.031046 0.070772
3 0.806168 0.510417 0.033905 0.075980
3 0.815359 0.322917 0.026961 0.079044
