2 0.268791 0.324449 0.021242 0.065564
2 0.299837 0.327665 0.026961 0.067708
2 0.321691 0.330882 0.022467 0.065564
2 0.349060 0.332414 0.032271 0.066789
2 0.372345 0.332874 0.028186 0.067708
2 0.402574 0.330882 0.029820 0.061275
2 0.434232 0.329963 0.031046 0.061275
2 0.467320 0.325521 0.029412 0.069547
3 0.465891 0.503523 0.032271 0.066483
3 0.436479 0.505668 0.026552 0.060355
3 0.410539 0.497702 0.025327 0.065257
3 0.380923 0.498315 0.022467 0.066483
3 0.357026 0.498775 0.025327 0.059436
3 0.329453 0.497243 0.029820 0.058211
3 0.297794 0.489277 0.031046 0.056985
