1 0.202614 0.186887 0.058007 0.126838
5 0.728758 0.208793 0.050654 0.119179
1 0.473448 0.196078 0.058007 0.126838
1 0.403595 0.198529 0.058007 0.126838
1 0.342729 0.194853 0.058007 0.126838
1 0.271242 0.193015 0.058007 0.126838
1 0.527369 0.200061 0.058007 0.126838
1 0.512255 0.348346 0.058007 0.126838
1 0.453840 0.354167 0.058007 0.126838
1 0.402369 0.353554 0.058007 0.126838
1 0.347631 0.346507 0.058007 0.126838
1 0.290441 0.350184 0.058007 0.126838
1 0.227941 0.349571 0.058007 0.126838
5 0.733660 0.362592 0.050654 0.119179
