5 0.613358 0.462929 0.022467 0.065564
5 0.671773 0.464461 0.022467 0.065564
5 0.699142 0.460478 0.022467 0.065564
5 0.722426 0.461091 0.022467 0.065564
5 0.745302 0.464767 0.022467 0.065564
5 0.778391 0.463848 0.022467 0.065564
5 0.640727 0.470588 0.022467 0.065564
0 0.508374 0.304994 0.024101 0.070772
0 0.612949 0.295803 0.024101 0.070772
0 0.639093 0.296415 0.024101 0.070772
0 0.670956 0.296722 0.024101 0.070772
0 0.697917 0.291820 0.024101 0.070772
0 0.724060 0.296722 0.024101 0.070772
0 0.750204 0.295190 0.024101 0.070772
0 0.535743 0.305300 0.024101 0.070772
0 0.561887 0.303768 0.024101 0.070772
0 0.581904 0.304381 0.024101 0.070772
2 0.244894 0.307598 0.032271 0.069853
2 0.275123 0.311275 0.032271 0.069853
2 0.197100 0.306373 0.032271 0.069853
2 0.423407 0.301624 0.024918 0.051777
2 0.330474 0.310509 0.020425 0.065870
2 0.306781 0.312960 0.020425 0.065870
2 0.398693 0.308058 0.020425 0.065870
2 0.373775 0.310202 0.020425 0.065870
3 0.266748 0.394148 0.025327 0.065257
3 0.292892 0.388021 0.025327 0.065257
3 0.316993 0.390778 0.025327 0.065257
3 0.447304 0.388940 0.025327 0.065257
3 0.238971 0.389246 0.025327 0.065257
3 0.210376 0.389859 0.025327 0.065257
3 0.493056 0.385263 0.025327 0.065257
3 0.419118 0.386795 0.025327 0.065257
3 0.392974 0.387408 0.025327 0.065257
3 0.344771 0.385263 0.025327 0.065257
3 0.470997 0.388940 0.025327 0.065257
1 0.657067 0.377145 0.033905 0.067402
1 0.710784 0.379136 0.028595 0.064032
1 0.734273 0.380208 0.033905 0.067402
1 0.765319 0.380515 0.033905 0.067402
1 0.685662 0.373162 0.033905 0.067402
