2 0.046773 0.297335 0.047794 0.108762
2 0.126430 0.295803 0.047794 0.108762
2 0.172181 0.293658 0.047794 0.114277
2 0.219771 0.298100 0.049020 0.124387
2 0.089665 0.299786 0.047794 0.108762
2 0.324142 0.449295 0.047794 0.108762
2 0.183619 0.439185 0.047794 0.108762
2 0.232639 0.440717 0.047794 0.108762
2 0.268178 0.449602 0.047794 0.108762
2 0.150123 0.435815 0.047794 0.108762
2 0.073325 0.432138 0.047794 0.108762
3 0.109069 0.437960 0.019608 0.104473
3 0.851920 0.275888 0.077206 0.171262
3 0.780433 0.275276 0.077206 0.171262
3 0.700776 0.284161 0.077206 0.171262
3 0.630923 0.275276 0.077206 0.171262
