0 0.273080 0.158088 0.069036 0.125613
0 0.109069 0.141697 0.081699 0.147978
0 0.168096 0.147518 0.061683 0.133885
0 0.329453 0.156556 0.055147 0.126838
0 0.391544 0.170343 0.037990 0.118260
0 0.425858 0.169730 0.039624 0.104779
0 0.475899 0.173866 0.032680 0.113051
0 0.500408 0.181373 0.019608 0.100490
0 0.522467 0.183977 0.021242 0.095282
1 0.460376 0.308670 0.023693 0.101409
1 0.487949 0.310662 0.022467 0.088848
0 0.592729 0.300245 0.040850 0.069853
0 0.542892 0.311275 0.025327 0.079044
0 0.513276 0.315564 0.028186 0.087623
0 0.617647 0.302237 0.019608 0.071998
