0 0.030944 0.213235 0.030637 0.129902
0 0.076134 0.214257 0.037071 0.114788
0 0.120711 0.223448 0.037990 0.116013
0 0.159467 0.225082 0.037684 0.116830
0 0.034161 0.369690 0.041973 0.125000
0 0.079350 0.371324 0.040441 0.119281
0 0.123162 0.372345 0.037990 0.106618
0 0.166360 0.379902 0.035539 0.104575
0 0.043811 0.529412 0.038603 0.115196
0 0.088542 0.527165 0.042892 0.110703
0 0.132047 0.528391 0.036152 0.110703
0 0.171262 0.523897 0.038603 0.110703
0 0.059589 0.691585 0.044424 0.121732
0 0.102635 0.690564 0.045343 0.108252
0 0.143382 0.693219 0.045956 0.092320
0 0.184130 0.678717 0.043505 0.080474
0 0.053002 0.864788 0.042892 0.112745
0 0.096201 0.862132 0.035539 0.096814
0 0.132506 0.853350 0.045037 0.105392
0 0.174786 0.847426 0.041360 0.097631
1 0.278799 0.232639 0.031250 0.113154
1 0.315564 0.234273 0.033701 0.103350
1 0.278493 0.379902 0.030637 0.102124
1 0.316789 0.375613 0.036152 0.093546
1 0.286152 0.515931 0.028186 0.105392
1 0.319547 0.515319 0.033701 0.091095
1 0.293199 0.669526 0.033088 0.116013
1 0.326900 0.658497 0.030637 0.102124
1 0.287377 0.822304 0.038603 0.098856
1 0.326746 0.810458 0.038909 0.101307
5 0.352941 0.236724 0.031250 0.110703
5 0.351409 0.379902 0.033088 0.112745
5 0.357537 0.518587 0.025735 0.104167
5 0.364277 0.658292 0.025123 0.095997
5 0.359069 0.800245 0.027574 0.099673
2 0.571538 0.261642 0.026654 0.089461
2 0.594516 0.270425 0.016238 0.102124
2 0.623621 0.271855 0.026654 0.087827
2 0.569547 0.385212 0.020833 0.078431
2 0.591299 0.381944 0.020833 0.078431
2 0.619485 0.385417 0.017770 0.076389
2 0.568168 0.508987 0.016850 0.071895
0 0.594822 0.510417 0.023591 0.077206
2 0.617800 0.509804 0.021140 0.078431
2 0.641238 0.512051 0.027574 0.069853
2 0.573836 0.631944 0.018382 0.079248
2 0.598958 0.640523 0.025123 0.071078
2 0.570619 0.771650 0.018689 0.081699
2 0.600031 0.773897 0.027267 0.075572
2 0.625153 0.767770 0.024203 0.069853
2 0.594210 0.509600 0.023591 0.077206
3 0.670650 0.272263 0.022059 0.082925
3 0.696538 0.277369 0.021752 0.081699
3 0.722733 0.283088 0.022672 0.091503
3 0.744945 0.280433 0.021752 0.083742
3 0.668658 0.386846 0.019301 0.084150
3 0.691176 0.385212 0.022672 0.084967
3 0.716605 0.392157 0.020221 0.077614
3 0.738664 0.400735 0.017770 0.092320
3 0.762561 0.392361 0.020221 0.073121
3 0.785233 0.396446 0.015319 0.079657
3 0.671875 0.506332 0.019608 0.090278
3 0.692862 0.502451 0.022365 0.078431
3 0.718597 0.504493 0.022365 0.076797
3 0.738051 0.503064 0.022672 0.086193
3 0.763021 0.504085 0.019301 0.085784
3 0.669424 0.622753 0.025735 0.080474
3 0.693168 0.624387 0.026654 0.077206
3 0.717371 0.622345 0.021752 0.079657
3 0.739583 0.628268 0.020833 0.091503
3 0.674173 0.756127 0.019301 0.082516
3 0.716605 0.747549 0.023284 0.075980
3 0.744485 0.738358 0.027574 0.070670
3 0.767770 0.737337 0.012868 0.079248
3 0.785080 0.735703 0.016850 0.067810
