1 0.208129 0.243107 0.049428 0.109988
1 0.154003 0.240043 0.056373 0.105699
0 0.630106 0.247243 0.045343 0.099265
0 0.677288 0.245711 0.040850 0.091912
0 0.720180 0.249540 0.044935 0.101409
0 0.792892 0.255821 0.040850 0.093137
0 0.836397 0.254749 0.024101 0.097120
0 0.876021 0.252145 0.026552 0.100490
0 0.917484 0.254289 0.033497 0.091912
1 0.044935 0.237898 0.046569 0.105699
1 0.099060 0.243107 0.039624 0.097120
5 0.277369 0.494026 0.040850 0.098346
5 0.327206 0.494026 0.044935 0.100184
5 0.184232 0.492953 0.058007 0.100490
5 0.237132 0.486673 0.033905 0.094056
1 0.751838 0.488205 0.032271 0.084252
1 0.788603 0.487132 0.032271 0.086397
1 0.821078 0.487745 0.026961 0.087623
1 0.849060 0.482843 0.024101 0.084559
0 0.956087 0.259498 0.043709 0.087623
0 0.916054 0.369945 0.047794 0.088542
0 0.965482 0.370864 0.042075 0.086703
0 0.825980 0.365043 0.036765 0.094056
