0 0.940717 0.153186 0.068321 0.254902
0 0.876685 0.165033 0.053002 0.241830
0 0.787990 0.059436 0.000000 0.001225
0 0.818627 0.174020 0.063113 0.227941
0 0.760110 0.179330 0.041054 0.221405
0 0.700061 0.192810 0.061275 0.198529
0 0.649357 0.189951 0.045037 0.204248
0 0.604167 0.186275 0.040441 0.196895
0 0.566176 0.183211 0.043505 0.196487
0 0.504902 0.196691 0.035539 0.185049
0 0.467831 0.193219 0.038603 0.180556
1 0.239277 0.217116 0.017157 0.127042
1 0.221507 0.219771 0.018382 0.123366
1 0.204963 0.218137 0.017770 0.122549
1 0.186581 0.221201 0.017770 0.113971
