0 0.031454 0.251991 0.048203 0.108762
0 0.089869 0.251532 0.060458 0.112132
0 0.144812 0.255821 0.049428 0.107843
0 0.194240 0.255821 0.051879 0.109681
0 0.248570 0.254136 0.053513 0.108762
0 0.050449 0.389859 0.051879 0.101409
0 0.106005 0.393229 0.047794 0.101409
0 0.164011 0.389859 0.047794 0.097120
0 0.214461 0.396293 0.050654 0.099571
0 0.267361 0.394148 0.043709 0.095282
1 0.560458 0.262714 0.040850 0.100184
1 0.609069 0.265778 0.039216 0.104473
1 0.652778 0.263634 0.031046 0.108762
1 0.699755 0.264246 0.040850 0.105699
1 0.654208 0.383578 0.033905 0.099265
1 0.699755 0.384651 0.035131 0.101409
1 0.609069 0.383732 0.042484 0.097120
1 0.559641 0.386183 0.039216 0.104473
