1 0.318832 0.170803 0.061683 0.121630
1 0.385008 0.171875 0.051062 0.125613
1 0.446283 0.176011 0.049428 0.119179
1 0.499183 0.178768 0.050654 0.116115
1 0.565972 0.181832 0.049428 0.114277
1 0.610294 0.186581 0.036765 0.104779
1 0.380923 0.325061 0.064951 0.119485
1 0.306168 0.321844 0.067402 0.119179
1 0.244281 0.326593 0.062092 0.122549
1 0.436479 0.329350 0.051879 0.115196
1 0.488562 0.333333 0.043301 0.110907
1 0.530842 0.327512 0.043709 0.103554
5 0.765319 0.200827 0.039624 0.105699
5 0.758374 0.329197 0.042075 0.106924
