2 0.296977 0.315564 0.032680 0.102328
2 0.249183 0.315564 0.046569 0.100490
2 0.887868 0.153339 0.042075 0.116115
2 0.817402 0.155484 0.044935 0.114277
2 0.761029 0.159161 0.056373 0.119179
2 0.800041 0.320159 0.037990 0.122549
2 0.758374 0.316330 0.042075 0.123468
2 0.716095 0.318168 0.042484 0.116115
2 0.672386 0.312347 0.033497 0.125919
3 0.384191 0.170190 0.043709 0.114277
3 0.335172 0.171262 0.043709 0.116422
3 0.282271 0.169730 0.044935 0.110907
3 0.203431 0.178156 0.044935 0.106924
3 0.151961 0.179688 0.054739 0.114277
