0 0.581276 0.171489 0.055556 0.108410
0 0.518261 0.168210 0.056070 0.112654
0 0.451132 0.170910 0.050412 0.113426
0 0.655350 0.170332 0.058642 0.123071
0 0.733282 0.166667 0.054012 0.124228
0 0.792695 0.164931 0.047325 0.125386
0 0.854167 0.161844 0.049897 0.123071
0 0.851080 0.320409 0.038580 0.114583
0 0.781121 0.317708 0.052984 0.117670
0 0.701903 0.317130 0.060185 0.127315
0 0.647377 0.317130 0.045782 0.127315
0 0.520319 0.323688 0.068416 0.129630
0 0.458333 0.329861 0.061728 0.129630
0 0.401749 0.328897 0.062757 0.114583
