3 0.334099 0.464461 0.024203 0.105392
3 0.417433 0.465686 0.024203 0.105392
3 0.447151 0.463644 0.024203 0.105392
3 0.475643 0.460784 0.024203 0.105392
3 0.506587 0.460784 0.024203 0.105392
3 0.535999 0.454657 0.024203 0.105392
3 0.564798 0.459150 0.024203 0.105392
3 0.596661 0.458333 0.024203 0.105392
3 0.625766 0.457516 0.024203 0.105392
3 0.653339 0.459967 0.024203 0.105392
3 0.385570 0.463644 0.024203 0.105392
3 0.361979 0.466503 0.024203 0.105392
2 0.748315 0.450368 0.029105 0.109069
2 0.777727 0.449551 0.029105 0.109069
2 0.810202 0.448734 0.029105 0.109069
2 0.836244 0.447508 0.029105 0.109069
2 0.871783 0.447100 0.029105 0.109069
2 0.901808 0.449142 0.029105 0.109069
2 0.931832 0.436479 0.029105 0.109069
2 0.960018 0.436070 0.029105 0.109069
2 0.985447 0.436070 0.029105 0.109069
2 0.714920 0.449142 0.029105 0.109069
2 0.684283 0.450776 0.029105 0.109069
0 0.826593 0.569853 0.027574 0.102941
0 0.881740 0.567810 0.027574 0.102941
0 0.856005 0.566993 0.027574 0.102941
0 0.918199 0.571487 0.027574 0.102941
0 0.951593 0.562092 0.027574 0.102941
0 0.980086 0.562500 0.027574 0.102941
0 0.795343 0.573529 0.027574 0.102941
0 0.765625 0.568219 0.027574 0.102941
0 0.737745 0.578023 0.027574 0.102941
1 0.475950 0.581087 0.032169 0.100082
1 0.505055 0.582312 0.032169 0.100082
1 0.530178 0.581495 0.032169 0.100082
1 0.559589 0.582721 0.032169 0.100082
1 0.586244 0.583129 0.032169 0.100082
1 0.618107 0.577002 0.032169 0.100082
1 0.649663 0.580270 0.032169 0.100082
1 0.449602 0.582312 0.032169 0.100082
1 0.423254 0.590482 0.032169 0.100082
1 0.391085 0.587214 0.032169 0.100082
