3 0.577053 0.104984 0.043199 0.165850
3 0.569393 0.323121 0.043199 0.165850
3 0.611979 0.105392 0.043199 0.165850
3 0.668045 0.108660 0.043199 0.165850
3 0.604320 0.321078 0.043199 0.165850
2 0.506434 0.311275 0.030637 0.151144
2 0.781250 0.329248 0.030637 0.151144
2 0.816176 0.325163 0.030637 0.151144
1 0.229626 0.082312 0.057292 0.154003
1 0.194240 0.308211 0.047794 0.190768
1 0.245711 0.306781 0.047181 0.189542
0 0.028186 0.298815 0.055147 0.207108
0 0.081495 0.289420 0.055147 0.207108
0 0.128676 0.284109 0.055147 0.207108
