1 0.087827 0.265319 0.048203 0.122549
1 0.148489 0.273284 0.053513 0.119485
1 0.215278 0.275429 0.049020 0.119485
1 0.272876 0.275735 0.040850 0.122549
1 0.328023 0.282169 0.046569 0.109681
1 0.387051 0.285999 0.049428 0.108762
1 0.439134 0.286458 0.035131 0.105392
1 0.487132 0.290594 0.037990 0.101409
1 0.536560 0.293352 0.043709 0.102635
1 0.585580 0.298560 0.037990 0.100184
1 0.625204 0.299632 0.046160 0.109069
1 0.677288 0.304994 0.052288 0.102635
1 0.045547 0.410539 0.047794 0.098039
1 0.101920 0.415901 0.051062 0.102635
1 0.158905 0.416360 0.049020 0.103554
1 0.217320 0.416513 0.044935 0.101409
1 0.267565 0.420037 0.046569 0.098039
1 0.319649 0.412684 0.037990 0.093750
1 0.367443 0.413143 0.043709 0.092831
1 0.409722 0.416513 0.046569 0.101409
1 0.450368 0.418658 0.051879 0.095282
1 0.501838 0.415901 0.039624 0.085478
1 0.542075 0.418045 0.040850 0.085478
1 0.582925 0.419577 0.021242 0.076287
1 0.620098 0.420037 0.031046 0.081495
1 0.657680 0.423254 0.040850 0.072610
1 0.696895 0.421569 0.035131 0.075980
