0 0.367341 0.184028 0.033088 0.131944
0 0.403799 0.190155 0.033088 0.131944
0 0.437806 0.191381 0.033088 0.131944
0 0.472733 0.192606 0.033088 0.131944
0 0.507966 0.196283 0.033088 0.131944
0 0.543505 0.189338 0.033088 0.131944
0 0.329044 0.189338 0.033088 0.131944
0 0.294730 0.187704 0.033088 0.131944
0 0.261029 0.183619 0.033088 0.131944
0 0.478554 0.344567 0.033088 0.131944
0 0.413297 0.346609 0.033088 0.131944
0 0.375613 0.346201 0.033088 0.131944
0 0.340686 0.347018 0.033088 0.131944
0 0.305453 0.342933 0.033088 0.131944
0 0.541360 0.338440 0.033088 0.131944
0 0.446385 0.343750 0.033088 0.131944
0 0.507966 0.349060 0.033088 0.131944
1 0.753523 0.190972 0.037684 0.142565
1 0.787224 0.192198 0.037684 0.142565
1 0.822151 0.194240 0.037684 0.142565
1 0.856771 0.199959 0.037684 0.142565
1 0.851562 0.342933 0.037684 0.142565
1 0.818781 0.344567 0.037684 0.142565
1 0.783854 0.338440 0.037684 0.142565
