0 0.924632 0.157475 0.078840 0.169118
0 0.837827 0.160233 0.071895 0.161765
0 0.766748 0.163450 0.064542 0.170037
0 0.698529 0.168658 0.054739 0.157169
0 0.613971 0.178768 0.074346 0.158395
0 0.557598 0.182445 0.083333 0.170037
0 0.494077 0.183977 0.057598 0.160846
0 0.430147 0.195006 0.056373 0.140625
0 0.370915 0.196078 0.058824 0.138480
0 0.300449 0.204044 0.078840 0.116422
0 0.218137 0.195619 0.083333 0.130821
0 0.154003 0.192402 0.039216 0.147672
0 0.103350 0.197304 0.056373 0.134191
5 0.154820 0.363511 0.046569 0.124694
5 0.219771 0.361213 0.035131 0.113971
5 0.110294 0.356771 0.044935 0.127757
1 0.343546 0.365196 0.040850 0.125613
1 0.305556 0.366728 0.035131 0.124387
1 0.278799 0.368260 0.032271 0.123775
