2 0.341912 0.348652 0.057190 0.150123
2 0.300449 0.130974 0.082925 0.165748
2 0.389910 0.134957 0.082925 0.165748
2 0.463848 0.132200 0.082925 0.165748
2 0.551675 0.126379 0.082925 0.165748
2 0.632557 0.131893 0.082925 0.165748
2 0.722018 0.120864 0.082925 0.165748
2 0.814747 0.122396 0.082925 0.165748
2 0.813930 0.121783 0.082925 0.165748
2 0.404820 0.342831 0.057190 0.150123
2 0.475899 0.345588 0.057190 0.150123
2 0.540850 0.346814 0.057190 0.150123
2 0.609477 0.349265 0.057190 0.150123
2 0.971405 0.338235 0.057190 0.150123
2 0.674020 0.344975 0.057190 0.150123
2 0.428513 0.525429 0.057190 0.150123
2 0.375408 0.519608 0.057190 0.150123
2 0.325572 0.515012 0.057190 0.150123
3 0.485703 0.524663 0.052288 0.142463
3 0.537582 0.522825 0.052288 0.142463
3 0.591095 0.526501 0.052288 0.142463
3 0.642157 0.534467 0.052288 0.142463
