3 0.206189 0.329453 0.053922 0.188317
3 0.256740 0.323529 0.048407 0.176471
3 0.301777 0.322917 0.041667 0.166258
3 0.350950 0.318423 0.046875 0.166258
3 0.394914 0.323325 0.045956 0.154820
3 0.437653 0.318627 0.055453 0.160131
3 0.488358 0.316993 0.045956 0.156863
3 0.526654 0.314747 0.038603 0.154820
3 0.564645 0.315359 0.040441 0.145425
2 0.189798 0.091912 0.046875 0.177288
2 0.240502 0.093137 0.058211 0.185458
2 0.293811 0.091299 0.048407 0.178513
0 0.660999 0.098652 0.034620 0.171977
0 0.732230 0.102941 0.030637 0.163399
0 0.764246 0.104167 0.031556 0.165850
0 0.797641 0.106822 0.032169 0.168709
0 0.834406 0.104779 0.034620 0.162173
1 0.656556 0.297590 0.033701 0.154820
1 0.615809 0.302083 0.033088 0.148284
