2 0.947100 0.096201 0.076389 0.183824
2 0.851307 0.108456 0.081699 0.172181
2 0.768995 0.116268 0.074755 0.171262
2 0.687908 0.127451 0.070261 0.157475
2 0.619690 0.136489 0.071895 0.147978
2 0.557598 0.139093 0.066176 0.144608
2 0.488562 0.145833 0.068627 0.145833
2 0.433007 0.155025 0.056373 0.134191
2 0.381536 0.156556 0.054739 0.141544
2 0.323121 0.164828 0.056373 0.126838
2 0.275940 0.171875 0.049428 0.121324
2 0.242647 0.176624 0.050654 0.111826
2 0.249796 0.322917 0.036356 0.102328
2 0.290033 0.329197 0.035131 0.119179
2 0.331495 0.326134 0.039624 0.117341
2 0.372345 0.328585 0.030637 0.124694
2 0.415441 0.327665 0.040850 0.118566
2 0.466708 0.332414 0.042075 0.134191
2 0.522263 0.331801 0.037990 0.131127
2 0.564542 0.330270 0.040850 0.138480
2 0.626634 0.332414 0.035131 0.134191
2 0.695670 0.328125 0.060458 0.140319
2 0.768178 0.332874 0.064951 0.156556
2 0.830882 0.330729 0.060458 0.166973
2 0.909722 0.324449 0.077614 0.175245
