3 0.604779 0.227635 0.070670 0.112745
3 0.670343 0.223958 0.060458 0.117647
3 0.719158 0.218137 0.057598 0.109681
3 0.777165 0.214920 0.062500 0.121630
3 0.831904 0.216912 0.070670 0.112745
3 0.886642 0.217525 0.070670 0.112745
3 0.621324 0.355392 0.060458 0.117647
3 0.727941 0.355086 0.060458 0.117647
3 0.781046 0.354167 0.060458 0.117647
3 0.834150 0.348346 0.060458 0.117647
3 0.892974 0.350184 0.060458 0.117647
3 0.676062 0.353554 0.060458 0.117647
2 0.230801 0.242188 0.053922 0.108762
2 0.291258 0.236060 0.053922 0.108762
2 0.303513 0.371783 0.053922 0.108762
2 0.246732 0.373928 0.053922 0.108762
