0 0.070874 0.427543 0.028186 0.056066
0 0.099673 0.431679 0.021242 0.049632
0 0.132149 0.430607 0.032271 0.051777
0 0.166667 0.430607 0.036765 0.047488
0 0.196283 0.431219 0.030637 0.050551
0 0.227124 0.434283 0.025327 0.053002
0 0.229371 0.496170 0.020833 0.051777
0 0.201185 0.495098 0.029820 0.049632
0 0.164624 0.499387 0.035131 0.049632
0 0.134191 0.505668 0.028186 0.060355
0 0.110294 0.510417 0.031046 0.059436
0 0.071691 0.503523 0.026552 0.068934
0 0.229371 0.562194 0.037990 0.052696
0 0.197712 0.562653 0.025327 0.066483
0 0.164011 0.567402 0.028186 0.061275
0 0.138685 0.572763 0.036356 0.054841
0 0.106209 0.573223 0.025327 0.058211
0 0.074551 0.577972 0.032271 0.053002
0 0.075163 0.634038 0.033497 0.044424
0 0.106209 0.630208 0.025327 0.034926
0 0.140727 0.634498 0.018382 0.043505
0 0.169526 0.629289 0.033497 0.045343
0 0.200368 0.622396 0.033905 0.041973
0 0.227941 0.620711 0.029412 0.045343
0 0.075163 0.683670 0.031046 0.041973
0 0.108252 0.685202 0.029412 0.043199
0 0.143587 0.685202 0.032271 0.043199
0 0.170956 0.684589 0.022467 0.040135
0 0.202614 0.681526 0.026961 0.057292
0 0.232230 0.682598 0.020833 0.056985
1 0.444240 0.428462 0.036356 0.043199
1 0.474469 0.434436 0.026552 0.046569
1 0.511642 0.432751 0.022467 0.041360
1 0.534926 0.440104 0.018382 0.043199
1 0.443423 0.491881 0.029820 0.041360
1 0.477328 0.494026 0.026552 0.038909
1 0.508374 0.496017 0.032271 0.049632
1 0.532271 0.494638 0.035131 0.044424
1 0.443423 0.553615 0.024101 0.046569
1 0.475899 0.551624 0.021242 0.046262
1 0.502655 0.556985 0.026552 0.044118
1 0.529412 0.560049 0.023693 0.048407
1 0.443423 0.611826 0.026552 0.048407
1 0.471609 0.611366 0.032271 0.051777
1 0.503472 0.615502 0.022467 0.053922
1 0.533088 0.615502 0.025327 0.049632
1 0.445466 0.673100 0.033905 0.044118
1 0.476716 0.676777 0.031046 0.039216
1 0.503472 0.671569 0.022467 0.043505
1 0.531454 0.673560 0.025327 0.056066
5 0.619485 0.436428 0.026552 0.044424
5 0.651348 0.435968 0.022467 0.043505
5 0.619690 0.492341 0.021242 0.042279
5 0.646446 0.492953 0.024101 0.034926
5 0.617443 0.552390 0.025735 0.047794
5 0.643587 0.553768 0.026552 0.044424
5 0.613971 0.610754 0.029412 0.050551
5 0.647672 0.613817 0.026552 0.044424
5 0.620098 0.668964 0.025327 0.040135
5 0.645629 0.669884 0.025735 0.040135
