0 0.339257 0.196691 0.057598 0.118260
0 0.406863 0.200368 0.054739 0.110907
0 0.464665 0.203431 0.069036 0.110907
0 0.521038 0.203585 0.055147 0.117341
0 0.585172 0.210325 0.059232 0.105699
0 0.642157 0.218290 0.054739 0.095895
0 0.700572 0.205116 0.062092 0.114277
0 0.759804 0.213082 0.056373 0.104473
0 0.813930 0.215074 0.057598 0.102328
0 0.870302 0.215686 0.063317 0.113971
0 0.928717 0.219975 0.061683 0.099265
0 0.361724 0.346048 0.055147 0.117341
0 0.422386 0.350337 0.052288 0.108762
0 0.475286 0.347120 0.042075 0.119485
0 0.523897 0.351869 0.063317 0.109988
0 0.579453 0.350797 0.042075 0.118260
0 0.625204 0.355545 0.071487 0.117341
0 0.670956 0.354013 0.045343 0.109988
0 0.720180 0.346661 0.050654 0.095282
0 0.777369 0.350337 0.049020 0.119179
0 0.819649 0.354626 0.055147 0.102635
0 0.878881 0.353554 0.049428 0.110907
0 0.925858 0.349265 0.047794 0.117034
0 0.972222 0.350337 0.055556 0.102635
